{
    "camera_angle_x": 0.7353903777424738,
    "height": 5712,
    "width": 3213,
    "frames": [
        {
            "file_path": "raw/IMG_1033.jpeg",
            "transform_matrix": [
                [
                    0.9861529627602482,
                    -0.14322355768681744,
                    -0.0836023119459953,
                    0.5165910373001551
                ],
                [
                    0.12980653016988386,
                    0.9803761318107442,
                    -0.14836746577689244,
                    0.9318690877539244
                ],
                [
                    0.10321142748959372,
                    0.13546088992522234,
                    0.985392180066509,
                    -2.7787741706196414
                ],
                [
                    0.0,
                    0.0,
                    0.0,
                    1.0
                ]
            ]
        },
        {
            "file_path": "raw/IMG_1041.jpeg",
            "transform_matrix": [
                [
                    0.2729862088871935,
                    -0.8211349802555857,
                    0.5012143991926574,
                    -1.9199391659459804
                ],
                [
                    0.876202473397034,
                    0.42732265353085597,
                    0.22285550339237326,
                    -0.5781168174235906
                ],
                [
                    -0.3971747164288251,
                    0.37832881727408374,
                    0.8361336918517729,
                    -2.2702838500634375
                ],
                [
                    0.0,
                    0.0,
                    0.0,
                    1.0
                ]
            ]
        },
        {
            "file_path": "raw/IMG_1043.jpeg",
            "transform_matrix": [
                [
                    0.44638269153362514,
                    -0.7692605174922933,
                    0.4571441227082391,
                    -1.418623673467145
                ],
                [
                    0.8008959162035416,
                    0.57131628642542,
                    0.1793416635184286,
                    -0.20212604428757414
                ],
                [
                    -0.3991343434329928,
                    0.2860698465280055,
                    0.8711233086077752,
                    -2.384455449105401
                ],
                [
                    0.0,
                    0.0,
                    0.0,
                    1.0
                ]
            ]
        },
        {
            "file_path": "raw/IMG_1042.jpeg",
            "transform_matrix": [
                [
                    0.36271069006111145,
                    -0.7992629073078769,
                    0.479186561077366,
                    -1.592789540980397
                ],
                [
                    0.8420107465072807,
                    0.5014159439257585,
                    0.19899737169945825,
                    -0.29920169879536995
                ],
                [
                    -0.39932299969028084,
                    0.33130175999955175,
                    0.8548568802668405,
                    -2.429074726365784
                ],
                [
                    0.0,
                    0.0,
                    0.0,
                    1.0
                ]
            ]
        },
        {
            "file_path": "raw/IMG_1044.jpeg",
            "transform_matrix": [
                [
                    0.2589019724097561,
                    -0.8469507839466347,
                    0.46437499744766536,
                    -1.4765110286827396
                ],
                [
                    0.8831110000393426,
                    0.4023042439427895,
                    0.2413840444501936,
                    -0.463694750684319
                ],
                [
                    -0.39126043793341864,
                    0.34759986317287545,
                    0.8521089160608213,
                    -2.248377565558722
                ],
                [
                    0.0,
                    0.0,
                    0.0,
                    1.0
                ]
            ]
        },
        {
            "file_path": "raw/IMG_1040.jpeg",
            "transform_matrix": [
                [
                    0.5329521298942146,
                    -0.7497868992802132,
                    0.3921500132716862,
                    -0.8787537846019357
                ],
                [
                    0.7827052041979519,
                    0.6129218493366067,
                    0.10816362571232926,
                    0.12231902334289191
                ],
                [
                    -0.3214569808896096,
                    0.249291821513578,
                    0.9135201131687137,
                    -2.4545293787130538
                ],
                [
                    0.0,
                    0.0,
                    0.0,
                    1.0
                ]
            ]
        },
        {
            "file_path": "raw/IMG_1038.jpeg",
            "transform_matrix": [
                [
                    0.7844424668543242,
                    -0.5638866090275153,
                    0.2582284034628116,
                    -0.9044431782972933
                ],
                [
                    0.5901291543028314,
                    0.8067098026913244,
                    -0.031094621456925667,
                    0.39702929003698356
                ],
                [
                    -0.19078154375444045,
                    0.17678005091405152,
                    0.9655833553668466,
                    -2.678437737382114
                ],
                [
                    0.0,
                    0.0,
                    0.0,
                    1.0
                ]
            ]
        },
        {
            "file_path": "raw/IMG_1037.jpeg",
            "transform_matrix": [
                [
                    0.8200499590876229,
                    -0.5310112884935632,
                    0.21341292391229208,
                    -0.6054128560224592
                ],
                [
                    0.5510292553636194,
                    0.8333318608791398,
                    -0.0438721936666622,
                    0.5607989713179959
                ],
                [
                    -0.1545471589315152,
                    0.15357415516979367,
                    0.9759765133086354,
                    -2.68286122025293
                ],
                [
                    0.0,
                    0.0,
                    0.0,
                    1.0
                ]
            ]
        },
        {
            "file_path": "raw/IMG_1036.jpeg",
            "transform_matrix": [
                [
                    0.8790604057256762,
                    -0.4486024265401642,
                    0.1612720248142434,
                    -0.23531704619855737
                ],
                [
                    0.4614792359514713,
                    0.8856308782979755,
                    -0.05191206209353309,
                    0.8017678807096504
                ],
                [
                    -0.11953960795926866,
                    0.12005752915762145,
                    0.9855437442455364,
                    -2.6359022915936534
                ],
                [
                    0.0,
                    0.0,
                    0.0,
                    1.0
                ]
            ]
        },
        {
            "file_path": "raw/IMG_1035.jpeg",
            "transform_matrix": [
                [
                    0.9125862805017869,
                    -0.39207043308042383,
                    0.11604764600819237,
                    0.02232485651426125
                ],
                [
                    0.4015826078366486,
                    0.9128298956308946,
                    -0.07397966427070807,
                    0.7867163713120259
                ],
                [
                    -0.07692652158410837,
                    0.11411554296685056,
                    0.9904847061567132,
                    -2.6524177592810396
                ],
                [
                    0.0,
                    0.0,
                    0.0,
                    1.0
                ]
            ]
        },
        {
            "file_path": "raw/IMG_1034.jpeg",
            "transform_matrix": [
                [
                    0.9731838098445549,
                    -0.2292426215004085,
                    -0.01900244047636298,
                    0.2778898175021953
                ],
                [
                    0.22502651260406317,
                    0.965900616467706,
                    -0.12805884480409407,
                    0.7344747601663919
                ],
                [
                    0.04771101425971438,
                    0.1203487415593786,
                    0.9915845095216964,
                    -2.7764002124738885
                ],
                [
                    0.0,
                    0.0,
                    0.0,
                    1.0
                ]
            ]
        },
        {
            "file_path": "raw/IMG_1032.jpeg",
            "transform_matrix": [
                [
                    0.9858354339168036,
                    -0.06497868514491321,
                    -0.1546165182343264,
                    0.6780581484982502
                ],
                [
                    0.04096633699001305,
                    0.9872672737406994,
                    -0.1537045524186828,
                    1.0213334320942744
                ],
                [
                    0.16263534814943595,
                    0.14519332173845034,
                    0.9759449999128366,
                    -2.810775327751933
                ],
                [
                    0.0,
                    0.0,
                    0.0,
                    1.0
                ]
            ]
        },
        {
            "file_path": "raw/IMG_1031.jpeg",
            "transform_matrix": [
                [
                    0.9782788651666395,
                    0.0066537129388159096,
                    -0.20718636555622968,
                    1.1129318961929444
                ],
                [
                    -0.0407308255323246,
                    0.9861707269090723,
                    -0.1606496101429669,
                    1.0006310588040024
                ],
                [
                    0.2032522123366118,
                    0.1655989900082719,
                    0.9650209908020203,
                    -2.69804409933699
                ],
                [
                    0.0,
                    0.0,
                    0.0,
                    1.0
                ]
            ]
        },
        {
            "file_path": "raw/IMG_1029.jpeg",
            "transform_matrix": [
                [
                    0.9625654307788999,
                    0.08370266945079075,
                    -0.2578015798947761,
                    1.3362938694422541
                ],
                [
                    -0.1093214421105812,
                    0.9902203102287901,
                    -0.08667502238396893,
                    0.7744031156049651
                ],
                [
                    0.24802542967263214,
                    0.11161362075127898,
                    0.962302336014257,
                    -2.8317181551294195
                ],
                [
                    0.0,
                    0.0,
                    0.0,
                    1.0
                ]
            ]
        },
        {
            "file_path": "raw/IMG_1028.jpeg",
            "transform_matrix": [
                [
                    0.8930586046384891,
                    0.2865182381464986,
                    -0.3469202039238724,
                    1.8572179582421204
                ],
                [
                    -0.32041786497404295,
                    0.9462858827542078,
                    -0.04330611856961671,
                    0.22940531597132469
                ],
                [
                    0.3158776986218414,
                    0.14983433287973763,
                    0.9368943121845991,
                    -2.6533410343370454
                ],
                [
                    0.0,
                    0.0,
                    0.0,
                    1.0
                ]
            ]
        },
        {
            "file_path": "raw/IMG_1045.jpeg",
            "transform_matrix": [
                [
                    -0.09915063197553264,
                    -0.8430187753698544,
                    0.5286667159494383,
                    -1.5734481163232559
                ],
                [
                    0.8982214325987563,
                    0.15280621829050067,
                    0.41212682231564834,
                    -1.3815815034262944
                ],
                [
                    -0.4282142106458994,
                    0.5157224098540486,
                    0.7420666990070651,
                    -1.904204435411719
                ],
                [
                    0.0,
                    0.0,
                    0.0,
                    1.0
                ]
            ]
        },
        {
            "file_path": "raw/IMG_1046.jpeg",
            "transform_matrix": [
                [
                    -0.2824198260670321,
                    -0.8221384668430625,
                    0.49429483426514365,
                    -1.3726256730071986
                ],
                [
                    0.8648893934878918,
                    0.004676564136887107,
                    0.501940700461738,
                    -1.0953239329527702
                ],
                [
                    -0.41497635941871913,
                    0.5692683647321464,
                    0.7097380855208306,
                    -1.8700585934155698
                ],
                [
                    0.0,
                    0.0,
                    0.0,
                    1.0
                ]
            ]
        },
        {
            "file_path": "raw/IMG_1077.jpeg",
            "transform_matrix": [
                [
                    0.24046503345101888,
                    -0.9509415684490834,
                    0.19464506436844975,
                    -1.3276086742673936
                ],
                [
                    0.8661016657310179,
                    0.30073872164841464,
                    0.39927950851406574,
                    -1.1520357344718177
                ],
                [
                    -0.4382287899092857,
                    0.07256965410469424,
                    0.8959292232078202,
                    -4.257827901889287
                ],
                [
                    0.0,
                    0.0,
                    0.0,
                    1.0
                ]
            ]
        },
        {
            "file_path": "raw/IMG_1076.jpeg",
            "transform_matrix": [
                [
                    -0.04312343969031007,
                    -0.9746087297572128,
                    0.21972299112816757,
                    -1.744941797143599
                ],
                [
                    0.8996401724114074,
                    0.05776596651238941,
                    0.4327940079257835,
                    -1.9955784052263204
                ],
                [
                    -0.4344973292585927,
                    0.21633519592040973,
                    0.8743060984993918,
                    -3.7669264037359063
                ],
                [
                    0.0,
                    0.0,
                    0.0,
                    1.0
                ]
            ]
        },
        {
            "file_path": "raw/IMG_1075.jpeg",
            "transform_matrix": [
                [
                    -0.5538479697011686,
                    -0.8121851870049441,
                    0.18332388951698989,
                    -1.3226545702773354
                ],
                [
                    0.7026434387221099,
                    -0.3377940206499793,
                    0.6262486707641702,
                    -3.1807649853556184
                ],
                [
                    -0.44670418005505874,
                    0.47565788296092115,
                    0.7577631251904993,
                    -3.3210830019449884
                ],
                [
                    0.0,
                    0.0,
                    0.0,
                    1.0
                ]
            ]
        },
        {
            "file_path": "raw/IMG_1074.jpeg",
            "transform_matrix": [
                [
                    -0.7284476958500617,
                    -0.6586280935803315,
                    0.1886080294088098,
                    -1.5849382888460295
                ],
                [
                    0.5621103525497464,
                    -0.41719713868266206,
                    0.7141277890065613,
                    -4.077866872643075
                ],
                [
                    -0.3916578940441978,
                    0.6262232683490275,
                    0.674127964270231,
                    -3.0657341267240823
                ],
                [
                    0.0,
                    0.0,
                    0.0,
                    1.0
                ]
            ]
        },
        {
            "file_path": "raw/IMG_1073.jpeg",
            "transform_matrix": [
                [
                    -0.8768699445028916,
                    -0.4548928379266093,
                    0.1554722046880796,
                    -1.7188485356075598
                ],
                [
                    0.40488290509092595,
                    -0.5244795862120281,
                    0.7489933222746332,
                    -5.007852745199389
                ],
                [
                    -0.2591697003753116,
                    0.7197177708309945,
                    0.6440787193794214,
                    -2.6364592311038173
                ],
                [
                    0.0,
                    0.0,
                    0.0,
                    1.0
                ]
            ]
        },
        {
            "file_path": "raw/IMG_1059.jpeg",
            "transform_matrix": [
                [
                    -0.8207380548836051,
                    -0.5695852713282361,
                    -0.04429067567576905,
                    0.41303535134894637
                ],
                [
                    0.3858882672261566,
                    -0.6098674987002976,
                    0.6922079739834243,
                    -1.9570282178662217
                ],
                [
                    -0.4212829102670447,
                    0.5510301740512785,
                    0.720337738010405,
                    -1.4263783308059825
                ],
                [
                    0.0,
                    0.0,
                    0.0,
                    1.0
                ]
            ]
        },
        {
            "file_path": "raw/IMG_1047.jpeg",
            "transform_matrix": [
                [
                    -0.4667133274870535,
                    -0.7577020902234912,
                    0.45614275442772795,
                    -1.3064840300416964
                ],
                [
                    0.7824977312448655,
                    -0.11341469318397379,
                    0.6122372154374669,
                    -1.711955889985784
                ],
                [
                    -0.4121601273080651,
                    0.6426699384917092,
                    0.64583231540119,
                    -1.5556954546924966
                ],
                [
                    0.0,
                    0.0,
                    0.0,
                    1.0
                ]
            ]
        },
        {
            "file_path": "raw/IMG_1048.jpeg",
            "transform_matrix": [
                [
                    -0.6856342158971138,
                    -0.6261654226446578,
                    0.3712446436992561,
                    -1.281994139328169
                ],
                [
                    0.6373388845183434,
                    -0.2699528246009273,
                    0.7217510781224336,
                    -2.130218632671367
                ],
                [
                    -0.35171702869219196,
                    0.7314658816200647,
                    0.5841684652167707,
                    -1.244299469842008
                ],
                [
                    0.0,
                    0.0,
                    0.0,
                    1.0
                ]
            ]
        },
        {
            "file_path": "raw/IMG_1049.jpeg",
            "transform_matrix": [
                [
                    -0.7388697773461064,
                    -0.5970111972699923,
                    0.3124885317235911,
                    -1.130064954658482
                ],
                [
                    0.5954396673532047,
                    -0.36134154051967404,
                    0.717554105024265,
                    -2.0191003007435255
                ],
                [
                    -0.3154727478988009,
                    0.7162471091942496,
                    0.6224684922982531,
                    -1.2340980365515235
                ],
                [
                    0.0,
                    0.0,
                    0.0,
                    1.0
                ]
            ]
        },
        {
            "file_path": "raw/IMG_1072.jpeg",
            "transform_matrix": [
                [
                    -0.9897693583333315,
                    0.08142749659631923,
                    -0.11715878158500184,
                    0.30424667483060525
                ],
                [
                    -0.1426664179654733,
                    -0.5746531828463648,
                    0.8058660016587397,
                    -5.900970263757685
                ],
                [
                    -0.0017060156290669634,
                    0.8143360990663494,
                    0.5803910813133454,
                    -2.154694455555647
                ],
                [
                    0.0,
                    0.0,
                    0.0,
                    1.0
                ]
            ]
        },
        {
            "file_path": "raw/IMG_1071.jpeg",
            "transform_matrix": [
                [
                    -0.9476761797576965,
                    0.2791911987315158,
                    -0.15479706996813003,
                    1.2100732500133022
                ],
                [
                    -0.28818890095838495,
                    -0.5396237040494427,
                    0.7910457732599033,
                    -5.65860775222122
                ],
                [
                    0.1373208494157282,
                    0.7942660338821114,
                    0.5918483350799626,
                    -2.1188710103843063
                ],
                [
                    0.0,
                    0.0,
                    0.0,
                    1.0
                ]
            ]
        },
        {
            "file_path": "raw/IMG_1065.jpeg",
            "transform_matrix": [
                [
                    0.0017369460841648587,
                    0.9262547946831289,
                    -0.37689393513933833,
                    2.427177312629624
                ],
                [
                    -0.8904600647100299,
                    0.17294177305655312,
                    0.42091806362838025,
                    -2.939429725605176
                ],
                [
                    0.45505808000178416,
                    0.3348778858906194,
                    0.8250932949470133,
                    -4.490093838984425
                ],
                [
                    0.0,
                    0.0,
                    0.0,
                    1.0
                ]
            ]
        },
        {
            "file_path": "raw/IMG_1066.jpeg",
            "transform_matrix": [
                [
                    -0.02817111970259012,
                    0.9127087389344621,
                    -0.4076384990250138,
                    2.226673724724856
                ],
                [
                    -0.8753519414419384,
                    0.17438409930986531,
                    0.4509425290674149,
                    -3.074013488451879
                ],
                [
                    0.48266485953353966,
                    0.3695307074933704,
                    0.7940287712614181,
                    -4.01117031791069
                ],
                [
                    0.0,
                    0.0,
                    0.0,
                    1.0
                ]
            ]
        },
        {
            "file_path": "raw/IMG_1064.jpeg",
            "transform_matrix": [
                [
                    0.016274536035395082,
                    0.913492098728674,
                    -0.4065308414340977,
                    2.898989136615156
                ],
                [
                    -0.8862822440304744,
                    0.20139606364505735,
                    0.41706523406366897,
                    -3.0165995020048197
                ],
                [
                    0.46285950718672686,
                    0.3535135232329292,
                    0.8128894546605347,
                    -4.621048067385694
                ],
                [
                    0.0,
                    0.0,
                    0.0,
                    1.0
                ]
            ]
        },
        {
            "file_path": "raw/IMG_1067.jpeg",
            "transform_matrix": [
                [
                    -0.014056826628964902,
                    0.8940173707075865,
                    -0.447811731085975,
                    2.2772149771839216
                ],
                [
                    -0.8400459971647625,
                    0.23235211207977957,
                    0.49023996028427314,
                    -2.9346296734831743
                ],
                [
                    0.542333041841066,
                    0.3830736703105028,
                    0.747749580302294,
                    -3.461830761974244
                ],
                [
                    0.0,
                    0.0,
                    0.0,
                    1.0
                ]
            ]
        },
        {
            "file_path": "raw/IMG_1053.jpeg",
            "transform_matrix": [
                [
                    -0.9868030896133972,
                    0.13681769758215628,
                    -0.08660588870146946,
                    0.41550669379749305
                ],
                [
                    -0.13686597968649766,
                    -0.4189450198611908,
                    0.8976373287346967,
                    -3.1244275344495005
                ],
                [
                    0.08652956681914514,
                    0.8976446891514617,
                    0.4321419281952017,
                    -0.6233084666632613
                ],
                [
                    0.0,
                    0.0,
                    0.0,
                    1.0
                ]
            ]
        },
        {
            "file_path": "raw/IMG_1052.jpeg",
            "transform_matrix": [
                [
                    -0.9972428276464838,
                    0.05132236567852254,
                    -0.05359811086975242,
                    0.1757641332605514
                ],
                [
                    -0.06976406138712586,
                    -0.4022243768922309,
                    0.9128792507075788,
                    -3.1505333235185398
                ],
                [
                    0.025292655977963145,
                    0.9141015071723803,
                    0.4046958316300817,
                    -0.5124344978760107
                ],
                [
                    0.0,
                    0.0,
                    0.0,
                    1.0
                ]
            ]
        },
        {
            "file_path": "raw/IMG_1054.jpeg",
            "transform_matrix": [
                [
                    -0.9449709127497311,
                    0.28950975076854474,
                    -0.1523616692835678,
                    0.5246983597035941
                ],
                [
                    -0.26180094753595556,
                    -0.3899031923777587,
                    0.8828565933620863,
                    -2.809877657083255
                ],
                [
                    0.19618929105895672,
                    0.8741622302430868,
                    0.44424110265734795,
                    -0.7335033021587999
                ],
                [
                    0.0,
                    0.0,
                    0.0,
                    1.0
                ]
            ]
        },
        {
            "file_path": "raw/IMG_1055.jpeg",
            "transform_matrix": [
                [
                    -0.8872392805361856,
                    0.4192527771776042,
                    -0.19244107644289132,
                    0.7763179762278152
                ],
                [
                    -0.36496012311064047,
                    -0.3827846829455245,
                    0.8486931100470659,
                    -2.3422248945341386
                ],
                [
                    0.28215344692684285,
                    0.823227183304318,
                    0.4926321518700747,
                    -0.696297095091775
                ],
                [
                    0.0,
                    0.0,
                    0.0,
                    1.0
                ]
            ]
        },
        {
            "file_path": "raw/IMG_1056.jpeg",
            "transform_matrix": [
                [
                    -0.7907097128655998,
                    0.5582939352320831,
                    -0.25116932906522627,
                    0.8962999554308526
                ],
                [
                    -0.4986400414945963,
                    -0.34932507400752544,
                    0.7933032848084676,
                    -2.0657433800583194
                ],
                [
                    0.3551566682441267,
                    0.7525156972134945,
                    0.5546024399955518,
                    -0.7843569555303969
                ],
                [
                    0.0,
                    0.0,
                    0.0,
                    1.0
                ]
            ]
        },
        {
            "file_path": "raw/IMG_1057.jpeg",
            "transform_matrix": [
                [
                    -0.7733529604102383,
                    0.588041458566358,
                    -0.2369228600871413,
                    1.0743803402519296
                ],
                [
                    -0.5110087173788789,
                    -0.35700253602670207,
                    0.781933040632826,
                    -1.8680322862381846
                ],
                [
                    0.37522698382114533,
                    0.7257798786668406,
                    0.5765832796178122,
                    -0.7894263075836501
                ],
                [
                    0.0,
                    0.0,
                    0.0,
                    1.0
                ]
            ]
        },
        {
            "file_path": "raw/IMG_1058.jpeg",
            "transform_matrix": [
                [
                    -0.7193946197980272,
                    0.6417457171065105,
                    -0.2657702308030433,
                    1.0033178419760134
                ],
                [
                    -0.570895563012736,
                    -0.32832799245093036,
                    0.7525151064965494,
                    -1.6966341308810216
                ],
                [
                    0.3956635403193266,
                    0.6930823644766853,
                    0.6025671737768197,
                    -0.8951280218906978
                ],
                [
                    0.0,
                    0.0,
                    0.0,
                    1.0
                ]
            ]
        },
        {
            "file_path": "raw/IMG_1050.jpeg",
            "transform_matrix": [
                [
                    -0.8992049519411516,
                    -0.3949989415832093,
                    0.18816559343476003,
                    -0.7408464372794646
                ],
                [
                    0.3794478875483283,
                    -0.4899228552306748,
                    0.7848534236134378,
                    -2.2167747459489684
                ],
                [
                    -0.21782964683353412,
                    0.7771431219992669,
                    0.5904225714601452,
                    -0.9885683222802913
                ],
                [
                    0.0,
                    0.0,
                    0.0,
                    1.0
                ]
            ]
        },
        {
            "file_path": "raw/IMG_1051.jpeg",
            "transform_matrix": [
                [
                    -0.9735408259092745,
                    -0.18420819889280102,
                    0.1352242572490513,
                    -0.3890089744795969
                ],
                [
                    0.2149161070203817,
                    -0.5370116673055839,
                    0.8157386444939827,
                    -2.0859871772427745
                ],
                [
                    -0.07764874262401926,
                    0.8232167446294729,
                    0.562392091098872,
                    -0.662241442938615
                ],
                [
                    0.0,
                    0.0,
                    0.0,
                    1.0
                ]
            ]
        },
        {
            "file_path": "raw/IMG_1027.jpeg",
            "transform_matrix": [
                [
                    0.8227233798662024,
                    0.3215651015082018,
                    -0.4687452674038987,
                    1.6145374452014307
                ],
                [
                    -0.3949249095062904,
                    0.9164491627659985,
                    -0.06446121249983469,
                    0.27128978218990285
                ],
                [
                    0.40885273152197593,
                    0.23815292892912407,
                    0.8809782212799013,
                    -2.369989260737624
                ],
                [
                    0.0,
                    0.0,
                    0.0,
                    1.0
                ]
            ]
        },
        {
            "file_path": "raw/IMG_1026.jpeg",
            "transform_matrix": [
                [
                    0.7217415710980148,
                    0.4145682021629895,
                    -0.554276384400703,
                    1.9912435984932744
                ],
                [
                    -0.5574567519548079,
                    0.822825451831348,
                    -0.11045472157646233,
                    0.5581213563253861
                ],
                [
                    0.4102817010895868,
                    0.3887048772190602,
                    0.8249711777857154,
                    -2.2558588531216897
                ],
                [
                    0.0,
                    0.0,
                    0.0,
                    1.0
                ]
            ]
        },
        {
            "file_path": "raw/IMG_1025.jpeg",
            "transform_matrix": [
                [
                    0.6523415890334165,
                    0.45326691682161735,
                    -0.607453334283698,
                    2.2109453445752987
                ],
                [
                    -0.610074288637635,
                    0.7895921555513543,
                    -0.06598174167941917,
                    0.3479528982495197
                ],
                [
                    0.44973304699637173,
                    0.4136342950080312,
                    0.7916102932836133,
                    -2.0308356933593097
                ],
                [
                    0.0,
                    0.0,
                    0.0,
                    1.0
                ]
            ]
        },
        {
            "file_path": "raw/IMG_1024.jpeg",
            "transform_matrix": [
                [
                    0.6165857866958628,
                    0.4722378818102197,
                    -0.6299312269034143,
                    2.236701893414604
                ],
                [
                    -0.6381824478783409,
                    0.7683458910116149,
                    -0.04865958266956533,
                    0.31322782175158614
                ],
                [
                    0.4610261715614987,
                    0.4320138594408339,
                    0.775125083058459,
                    -1.9297444691338486
                ],
                [
                    0.0,
                    0.0,
                    0.0,
                    1.0
                ]
            ]
        },
        {
            "file_path": "raw/IMG_1022.jpeg",
            "transform_matrix": [
                [
                    0.45365281174764804,
                    0.5294067008776059,
                    -0.7168874887033125,
                    2.5037075241518085
                ],
                [
                    -0.7222194512237005,
                    0.6896845094262388,
                    0.05229093355090503,
                    0.050338435660697706
                ],
                [
                    0.5221093665771472,
                    0.4940281596461657,
                    0.6952251339019848,
                    -1.7684173350650307
                ],
                [
                    0.0,
                    0.0,
                    0.0,
                    1.0
                ]
            ]
        },
        {
            "file_path": "raw/IMG_1023.jpeg",
            "transform_matrix": [
                [
                    0.4972415871120232,
                    0.5083994277573097,
                    -0.7030510834230728,
                    2.2265179847221805
                ],
                [
                    -0.7012766094569246,
                    0.7126269560988168,
                    0.019337488718427914,
                    0.16474592007510613
                ],
                [
                    0.5108443217604719,
                    0.483417876476838,
                    0.7108763856168725,
                    -1.70985212112966
                ],
                [
                    0.0,
                    0.0,
                    0.0,
                    1.0
                ]
            ]
        },
        {
            "file_path": "raw/IMG_1021.jpeg",
            "transform_matrix": [
                [
                    0.32608623865512376,
